amplicon_id	seq
Exon5	CAGTAGGGGTTAATCTTATGCTTTTTCTTAATTGATAAGTATTTTCTTGCTGGCAATTGGGGCATACCCAAATGTACAGAACCTGTTCGGAGAACTTGGTATCAATGACCGATTGCAATGGAAGGAGCACTCAATGATATTTGCAATGCCAAACAAGCCAGGAGAATTCAGCCGATTTGATTTTCCAGAAGTTCTGCCAGCTCC
Exon7	GATATTTCAAGCTGAAAGATTGACTAATTTTGTTATCCTTCAAACTTCAGGGAGTACCTAGCGTGTGACAACAGAGGTGTTTATTGCCATGTCAAAGGCACTAAATTTTATTAACCCTGATGAATTGTCAATGCAATGTATATTAATTGCTTTAAATCGATTTCTTCAGG
Exon8	GACAGGAGAAGCATGGTTCCAAGATGGCATTCTTAGATGGTAGTCCCCAGAGAGACTTTGTATGCCGATTGTTAATCACATTCAGTCGCTAGGTGGTGAAGTGCGACTAAATTCTCGGATACAGAAAATTGAGCTCAATAGTAATGGAACTGTGAAGAATTTCTTACTAACCAGTG
Exon14	GTTTGGTTACATGGTCAGCCCTAATTTTTATAAATATGCAGGACTATGAGGTGCTAGTTGCGCGATCAAAAGGAGAATTGGCTGAGCAAACATTCGCTAAATACCCTTAAACAGGCAAGATGGTTGAAAGATTGATTGAGGATTGTGTAATGATGGAAATATTATTTTTTTTCAACTTATAAAAAGGAAAAATAATACTCAGAATCTTCTATAGTGAATC
